image_width: 320
image_height: 240
camera_name: camera
camera_matrix:
  rows: 3
  cols: 3
  data: [190.743583, 0.000000, 145.486533, 0.000000, 191.581173, 114.588543, 0.000000, 0.000000, 1.000000]
distortion_model: plumb_bob
distortion_coefficients:
  rows: 1
  cols: 5
  data: [-0.311673, 0.083607, 0.002176, 0.001665, 0.000000]
rectification_matrix:
  rows: 3
  cols: 3
  data: [1.000000, 0.000000, 0.000000, 0.000000, 1.000000, 0.000000, 0.000000, 0.000000, 1.000000]
projection_matrix:
  rows: 3
  cols: 4
  data: [143.612167, 0.000000, 142.061926, 0.000000, 0.000000, 163.878571, 113.457289, 0.000000, 0.000000, 0.000000, 1.000000, 0.000000]
